6 0.6328125 0.595703125 0.6328125 0.599609375 0.62890625 0.603515625 0.62890625 0.60546875 0.630859375 0.607421875 0.630859375 0.61328125 0.6328125 0.615234375 0.634765625 0.615234375 0.634765625 0.609375 0.63671875 0.607421875 0.63671875 0.595703125
6 0.62890625 0.5625 0.626953125 0.564453125 0.626953125 0.568359375 0.62890625 0.5703125 0.62890625 0.572265625 0.630859375 0.57421875 0.630859375 0.58203125 0.6328125 0.583984375 0.63671875 0.583984375 0.63671875 0.5703125 0.634765625 0.568359375 0.634765625 0.564453125 0.6328125 0.5625
6 0.61328125 0.546875 0.615234375 0.548828125 0.615234375 0.552734375 0.62109375 0.55859375 0.623046875 0.55859375 0.625 0.556640625 0.623046875 0.5546875 0.623046875 0.55078125 0.62109375 0.55078125 0.6171875 0.546875
6 0.61328125 0.49609375 0.611328125 0.498046875 0.609375 0.498046875 0.607421875 0.5 0.607421875 0.501953125 0.60546875 0.50390625 0.60546875 0.51171875 0.60546875 0.509765625 0.607421875 0.5078125 0.611328125 0.5078125 0.61328125 0.509765625 0.61328125 0.51171875 0.615234375 0.513671875 0.6171875 0.51171875 0.6171875 0.50390625 0.615234375 0.501953125 0.615234375 0.498046875
6 0.50390625 0.4765625 0.50390625 0.48046875 0.505859375 0.482421875 0.505859375 0.484375 0.5078125 0.486328125 0.5078125 0.48828125 0.51171875 0.484375 0.513671875 0.484375 0.513671875 0.482421875 0.509765625 0.478515625 0.5078125 0.478515625 0.505859375 0.4765625
6 0.59375 0.470703125 0.591796875 0.47265625 0.591796875 0.4765625 0.59375 0.478515625 0.59375 0.48046875 0.6015625 0.48828125 0.6015625 0.490234375 0.603515625 0.4921875 0.603515625 0.498046875 0.609375 0.4921875 0.611328125 0.4921875 0.611328125 0.486328125 0.609375 0.486328125 0.60546875 0.482421875 0.60546875 0.48046875 0.603515625 0.478515625 0.603515625 0.4765625 0.599609375 0.47265625 0.595703125 0.47265625
6 0.544921875 0.423828125 0.54296875 0.42578125 0.5390625 0.42578125 0.5390625 0.427734375 0.537109375 0.4296875 0.541015625 0.43359375 0.544921875 0.43359375 0.548828125 0.4375 0.548828125 0.435546875 0.55078125 0.43359375 0.55078125 0.42578125 0.548828125 0.423828125
6 0.482421875 0.423828125 0.48046875 0.42578125 0.48046875 0.431640625 0.482421875 0.43359375 0.48046875 0.435546875 0.48046875 0.439453125 0.482421875 0.439453125 0.482421875 0.4375 0.48046875 0.435546875 0.482421875 0.43359375 0.486328125 0.43359375 0.486328125 0.431640625 0.48828125 0.4296875 0.48828125 0.423828125
6 0.49609375 0.41015625 0.48828125 0.41796875 0.490234375 0.419921875 0.498046875 0.412109375 0.498046875 0.41015625
6 0.51171875 0.40625 0.51171875 0.41015625 0.513671875 0.41015625 0.515625 0.412109375 0.521484375 0.412109375 0.521484375 0.408203125 0.51953125 0.40625
